<?xml version="1.0" encoding="utf-8"?>
<config>
	<HuoDongLoginNumGift>
		<Gift ID="1" TimeOl="1" GoodsID1="5051,10,1,0,0,0,0|2001,10,1,0,0,0,0|2002,10,1,0,0,0,0|302722261,1,1,0,0,0,0" GoodsID2="1005097,1,1,15,60,1,235|1015097,1,1,15,60,1,235|1025597,1,1,15,60,1,235|1055107,1,1,15,60,1,235|1000107,1,1,15,60,1,235|1010107,1,1,15,60,1,235|1020107,1,1,15,60,1,235|1030107,1,1,15,60,1,235|1040107,1,1,15,60,1,235|1050107,1,1,15,60,1,235"/>
		<Gift ID="2" TimeOl="2" GoodsID1="5052,10,1,0,0,0,0|2001,20,1,0,0,0,0|2002,20,1,0,0,0,0|302722261,1,1,0,0,0,0" GoodsID2=""/>
		<Gift ID="3" TimeOl="3" GoodsID1="5053,10,1,0,0,0,0|2001,30,1,0,0,0,0|2002,30,1,0,0,0,0|63092,1,1,0,0,0,0|302722261,1,1,0,0,0,0" GoodsID2="1000007,1,1,15,60,1,235|1010007,1,1,15,60,1,235|1020007,1,1,15,60,1,235|1030007,1,1,15,60,1,235|1040007,1,1,15,60,1,235|1050007,1,1,15,60,1,235"/>
		<Gift ID="4" TimeOl="4" GoodsID1="5054,10,1,0,0,0,0|2001,40,1,0,0,0,0|2002,40,1,0,0,0,0|63092,1,1,0,0,0,0|302722261,1,1,0,0,0,0" GoodsID2="1000207,1,1,15,60,1,235|1010207,1,1,15,60,1,235|1020207,1,1,15,60,1,235|1030207,1,1,15,60,1,235|1040207,1,1,15,60,1,235|1050207,1,1,15,60,1,235"/>
		<Gift ID="5" TimeOl="5" GoodsID1="5055,10,1,0,0,0,0|2001,50,1,0,0,0,0|2002,50,1,0,0,0,0|63092,1,1,0,0,0,0|302722261,1,1,0,0,0,0" GoodsID2="1000307,1,1,15,60,1,235|1010307,1,1,15,60,1,235|1020307,1,1,15,60,1,235|1030307,1,1,15,60,1,235|1040307,1,1,15,60,1,235|1050307,1,1,15,60,1,235"/>
		<Gift ID="6" TimeOl="6" GoodsID1="5050,10,1,0,0,0,0|2001,60,1,0,0,0,0|2002,60,1,0,0,0,0|63093,1,1,0,0,0,0|302722261,1,1,0,0,0,0" GoodsID2="1000407,1,1,15,60,1,235|1010407,1,1,15,60,1,235|1020407,1,1,15,60,1,235|1030407,1,1,15,60,1,235|1040407,1,1,15,60,1,235|1050407,1,1,15,60,1,235"/>
		<Gift ID="7" TimeOl="7" GoodsID1="5050,10,1,0,0,0,0|2001,80,1,0,0,0,0|2002,80,1,0,0,0,0|1035001,1,1,0,0,0,0|302722261,1,1,0,0,0,0" GoodsID2="1000607,1,1,15,60,1,235|1010607,1,1,15,60,1,235|1020607,1,1,15,60,1,235|1030607,1,1,15,60,1,235|1040607,1,1,15,60,1,235|1050607,1,1,15,60,1,235"/>
		<Gift ID="8" TimeOl="14" GoodsID1="5050,10,1,0,0,0,0|2001,100,1,0,0,0,0|2002,100,1,0,0,0,0|1035002,1,1,0,0,0,0|302722261,1,1,0,0,0,0" GoodsID2="1000607,1,1,15,60,1,235|1010607,1,1,15,60,1,235|1020607,1,1,15,60,1,235|1030607,1,1,15,60,1,235|1040607,1,1,15,60,1,235|1050607,1,1,15,60,1,235"/>
		<Gift ID="9" TimeOl="21" GoodsID1="5050,10,1,0,0,0,0|2001,150,1,0,0,0,0|2002,150,1,0,0,0,0|1035003,1,1,0,0,0,0|302722261,1,1,0,0,0,0" GoodsID2="1000507,1,1,15,60,1,235|1010507,1,1,15,60,1,235|1020507,1,1,15,60,1,235|1030507,1,1,15,60,1,235|1040507,1,1,15,60,1,235|1050507,1,1,15,60,1,235"/>
		<Gift ID="10" TimeOl="30" GoodsID1="5050,10,1,0,0,0,0|2001,300,1,0,0,0,0|2002,300,1,0,0,0,0|1035004,1,1,0,0,0,0|302722261,1,1,0,0,0,0" GoodsID2="1005008,2,1,15,60,1,235|1015008,1,1,15,60,1,235|1025508,1,1,15,60,1,235|1025407,1,1,15,60,1,235|1045108,1,1,15,60,1,235|1035108,1,1,15,60,1,235|1055108,1,1,15,60,1,235"/>
	</HuoDongLoginNumGift>
</config>


